0.000000000000000000e+00 1.000000000000000000e+00 0.000000000000000000e+00 0.000000000000000000e+00 0.000000000000000000e+00 0.000000000000000000e+00 1.000000000000000000e+00 0.000000000000000000e+00 0.000000000000000000e+00 0.000000000000000000e+00 0.000000000000000000e+00 1.000000000000000000e+00
9.998596748712978988e-01 1.559236687443269452e-02 6.124431525906196688e-03 -1.095728297161867315e-01 -1.564204287585437697e-02 9.998444501409731178e-01 8.148743275162545485e-03 -4.912903438723220662e-02 -5.996420676733824930e-03 -8.243398422232112860e-03 9.999480433110112809e-01 -9.927638858097960206e-01
9.894401122462957998e-01 -4.841566258496796810e-02 1.366169385343400100e-01 2.463022592852448511e-02 3.029778200255037537e-02 9.908253578350703084e-01 1.317085975809111631e-01 -4.783568608711116776e-02 -1.417402860296357037e-01 -1.261785793526897237e-01 9.818292404633172099e-01 -1.810876275137429658e-03
-9.908179108689962877e-01 3.877128025090934840e-04 1.352025043406381577e-01 -1.010429139109448871e-01 1.748661776083818703e-02 -9.912292718286270787e-01 1.309914076165875629e-01 -6.469416337371816650e-02 1.340674669727290047e-01 1.321528673501687901e-01 9.821209365198589891e-01 -9.937393281639146370e-01
-9.617741180252896704e-01 3.886714257570521996e-02 2.710717453455384618e-01 -5.970750452411697218e-01 -1.735093471233056794e-01 -8.523145793746601528e-01 -4.934109486485271923e-01 -2.088469043760185773e-01 -2.118609269250023019e-01 5.215833615189379158e-01 -8.264779153910190024e-01 -1.849994028559490911e+00
-9.511430472701934979e-01 -1.567228433208099347e-01 2.660166423572249972e-01 -4.280851010311108595e-01 1.638246718164767385e-02 -8.859949051796119912e-01 -4.634054841764520538e-01 -1.907166888814097183e-01 -3.083156149120791500e-01 4.364068954281201673e-01 -8.452754008157207233e-01 -2.835445039032360892e+00
9.740346052143110667e-01 2.062581526237569074e-01 9.334967767076451928e-02 -5.452990656872996889e-01 -1.148743394505851306e-01 8.055594190054642389e-01 -5.812726628591523559e-01 -2.254233603540677922e-01 1.950909377208296658e-01 -5.554562061295317266e-01 -8.083365197066104679e-01 -3.827945081070076139e+00
9.417198934899277951e-01 2.091666728785577523e-01 -2.634633658826849856e-01 -6.519612761365740639e-01 -6.342454736608255095e-02 8.795421162078294053e-01 4.715750127053594531e-01 -2.674368052112694460e-01 3.303649027919388081e-01 -4.273815260087480139e-01 8.415486095465358751e-01 -4.821352370812459043e+00
-9.705459812291584720e-01 -2.403388297491078907e-01 -1.666569034753014392e-02 -8.368510120611543091e-01 1.972725621678965147e-01 -7.531134910485695055e-01 -6.276174040100779283e-01 -3.184731153765343881e-01 -1.382896761715929346e-01 6.124192326466117997e-01 -7.783435288796926033e-01 -5.802785547648484865e+00
-9.428017356022969642e-01 -1.998853713063302173e-01 2.667784205722546487e-01 -1.010033433347317988e+00 3.325514801596115566e-01 -6.194582374785788659e-01 7.111125122395076659e-01 -3.567145980227524604e-01 2.311710165543610571e-02 7.591556693838640291e-01 6.504984775181195111e-01 -6.786932608794572275e+00
-9.763760989331670137e-01 -2.135579084245583792e-01 3.290491120453314239e-02 -8.617262128371312446e-01 1.236000133355740771e-01 -6.768972431541668833e-01 -7.256260461930335026e-01 -3.180176666425378884e-01 -1.772364244039481840e-01 7.044168808025655926e-01 -6.873020499786753890e-01 -5.798748660409303923e+00
-9.742682247462811640e-01 -2.236375113240007539e-01 2.806581156026703716e-02 -9.220979914732100324e-01 1.340526819439549489e-01 -6.750430479425750807e-01 -7.254975960594428619e-01 -3.349580357088512983e-01 -1.811941078329049049e-01 7.030669576599399839e-01 -6.876522001225872094e-01 -6.796780860410994052e+00
-9.386787774552679542e-01 -2.088107334209761690e-01 -2.743724300349386080e-01 -1.131401646223038737e+00 3.426382365500040272e-01 -4.760988275139180770e-01 -8.098944037921089745e-01 -3.754809983740467483e-01 -3.848625220759653576e-02 8.542411744045503852e-01 -5.184504068307298486e-01 -7.773791540805635059e+00
8.758074301988789667e-01 1.442102526116809669e-01 4.606134477521373061e-01 -1.319616582122717263e+00 -4.807108599510275249e-01 3.463118652639735062e-01 8.055961526115494875e-01 -3.571394005974435348e-01 -4.334067758560235933e-02 -9.269689827707625618e-01 3.726259393109397910e-01 -8.755748120138591162e+00
7.080625977552768013e-01 -5.286950319670539328e-02 7.041677167350003375e-01 -1.630796577340423603e+00 -6.899539136499651670e-01 1.605481382668461077e-01 7.058242644866684623e-01 -3.325142252859656367e-01 -1.503693941570109216e-01 -9.856110342984114592e-01 7.720061120270274579e-02 -9.705780020296257860e+00
-3.839737441444370236e-01 1.130364682626190526e-01 9.163988873031315707e-01 -1.430190560400610877e+00 9.157604085594857057e-01 -8.031971084931945060e-02 3.936135391015485596e-01 -2.837835902610564842e-01 1.180975779712165746e-01 9.903390837949382908e-01 -7.267366225488364195e-02 -8.727320746142440910e+00
-4.997664185552940230e-01 2.002397062966383146e-01 8.426966161713551617e-01 -1.289341135646085990e+00 8.604200592413276949e-01 2.948020333974280937e-03 5.095769135579649722e-01 -2.675545664502013699e-01 9.955324474655102840e-02 9.797425014759485462e-01 -1.737635815183559695e-01 -7.737422742137752607e+00
7.617673300625510402e-01 5.609876948428256516e-02 -6.454172781323133101e-01 -1.546852053510077818e+00 -6.424081089459785510e-01 1.942730576732284997e-01 -7.413297516104069285e-01 -3.491302825751953498e-01 -8.379950125046486953e-02 -9.793420787062326882e-01 -1.840291728654198378e-01 -8.700248546590218623e+00
-6.364457602514405066e-01 1.038177633724367555e-01 7.643027320808899461e-01 -1.635222211537358250e+00 7.662133504281669616e-01 -2.875452977648649752e-02 6.419425820452928644e-01 -4.644947080306923715e-01 8.862220874933993131e-02 9.941805917566889361e-01 -6.124585774328190901e-02 -7.710864008349623155e+00
7.903886846016946466e-01 4.035734591195647147e-02 6.112749069645734279e-01 -1.837604644711343882e+00 -6.057405333682918114e-01 2.004511111637816423e-01 7.699985443284322884e-01 -4.829469616151506051e-01 -9.145563672242039421e-02 -9.788721247763412237e-01 1.828803703177292184e-01 -8.689996719007496040e+00
4.270410159871892986e-01 -5.024365858241966465e-02 -9.028352814533138204e-01 -1.599416666757637717e+00 -8.997633699025368026e-01 7.553260795086545742e-02 -4.297914649196440395e-01 -4.079112505832983571e-01 -8.978779898328377584e-02 -9.958766991492447040e-01 1.295188192284793711e-02 -7.721680588176107918e+00
-4.378027406944325350e-01 4.076079134801117304e-02 -8.981466016910208960e-01 -1.765199369116118522e+00 8.960758377916597794e-01 -6.169245005587798564e-02 -4.395931465936203653e-01 -4.508175520350010124e-01 7.332702889399947410e-02 9.972625529391889732e-01 9.515636541599413814e-03 -8.706909061625010438e+00
4.549601633898223141e-01 -2.373318004902191802e-02 -8.901954762259068898e-01 -1.782076899274326109e+00 -8.873458575958226291e-01 7.213598110960570131e-02 -4.554269746478470937e-01 -4.533630482000579054e-01 -7.502385444538831050e-02 -9.971123990775149215e-01 -1.175945874783888151e-02 -7.707054737523227672e+00
-4.728949101682702327e-01 3.572170618035893502e-02 -8.803944364002477263e-01 -1.731742447340692603e+00 8.780093163499341768e-01 -6.476532190213717122e-02 -4.742415982193425861e-01 -4.216076424043997406e-01 7.395974810440950065e-02 9.972609552100591968e-01 7.367997393369103828e-04 -6.708827289918577463e+00
-5.871884727187360875e-01 -7.590133179666441743e-02 8.058837914598686591e-01 -1.845232591436981151e+00 8.067125827668454319e-01 -1.366872636509398331e-01 5.749186035964276575e-01 -4.409420308619150242e-01 6.651696258764788761e-02 9.877021716019021014e-01 1.414917449924320558e-01 -5.715476310346916833e+00
3.845736215459803486e-01 -1.360736208173174144e-01 -9.130099119553285458e-01 -1.984419708464826293e+00 -9.193115191369856110e-01 3.299272505904041197e-02 -3.921451400632533502e-01 -5.374087984664946971e-01 -8.348329409564403392e-02 -9.901492058325588319e-01 1.124059153074093709e-01 -4.729920066796402089e+00
-7.486839891822688609e-01 3.724643511391959039e-01 5.484000286949162195e-01 -2.528670393002830252e+00 6.498714386558294143e-01 2.489957689521146433e-01 7.181004249151718977e-01 -6.495230447325558432e-01 1.309175219805587542e-01 8.940198063658367778e-01 -4.284730893114113148e-01 -5.561317437590962420e+00
-5.907491022969781902e-01 5.331789267299300583e-01 -6.055870954920011817e-01 -2.724923114437514116e+00 8.068545856758825296e-01 3.893645584501192469e-01 -4.442757231683341912e-01 -7.135943202771179994e-01 1.084301211724726264e-03 7.510762096578945668e-01 6.602146253884534355e-01 -4.582859599470396006e+00
4.676196782994038736e-01 -6.498527476874849107e-01 -5.991854827932600047e-01 -2.898826126053902996e+00 -8.721901323359554370e-01 -4.493323771377178977e-01 -1.933514621396986433e-01 -7.412793280612183233e-01 1.435834583890282512e-01 -6.130186140557231100e-01 7.769118156510748108e-01 -5.567233147923799308e+00
5.045310764473845966e-01 -6.220241501548282592e-01 -5.987773789339494446e-01 -2.597397532605224768e+00 -8.515673412108155649e-01 -4.728985795006413473e-01 -2.262741631062234193e-01 -5.960346741570958784e-01 1.424129779268356322e-01 -6.240616076401790391e-01 7.682874810821592737e-01 -4.624871861811183038e+00
-5.346641364329679513e-01 6.506720218420457558e-01 -5.392218293099565463e-01 -2.675023009790587825e+00 8.393621495477396888e-01 4.828983303977157360e-01 -2.495603822839276287e-01 -6.220052993837179578e-01 -9.800736257542014274e-02 5.860333800143876504e-01 8.043378857109279023e-01 -5.621516137326315388e+00
-4.882005343671644848e-01 6.949409540085101922e-01 -5.279368415685345983e-01 -2.781201095929551670e+00 8.563602649891385310e-01 4.980725351507291343e-01 -1.362748923179269711e-01 -6.016698418076558141e-01 -1.682478374046783021e-01 5.186336087935996542e-01 8.382790973407243662e-01 -6.615655304238593715e+00
-4.069690652936912567e-01 7.685785637957752714e-01 -4.936224986440615470e-01 -2.633622916526156654e+00 8.716388745833704155e-01 4.883657867093326166e-01 4.176757937462094450e-02 -6.178435670304572858e-01 -2.731700060567023858e-01 4.132624464494722427e-01 8.686727221143656363e-01 -5.626737162238763190e+00
1.500883016454169494e-01 -5.331972463484000446e-01 8.325708367434462298e-01 -2.877784851169796099e+00 -8.383291705265171201e-01 -5.150386157863171555e-01 -1.787160487847729851e-01 -5.055758026779422210e-01 5.240970363907032636e-01 -6.711452307328154010e-01 -5.242960763834513260e-01 -6.589951000780529533e+00
-1.341388821562259359e-01 -2.515044905918614737e-01 9.585156501101118609e-01 -3.057359331677435232e+00 -7.651234180491981451e-01 -5.884059257269206311e-01 -2.614662917512747264e-01 -3.711418729293087804e-01 6.297562349406243820e-01 -7.684555665629474452e-01 -1.135038623652600415e-01 -7.564466533998317921e+00
6.425785064059676976e-01 -9.996777039493183470e-02 -7.596705259435473367e-01 -2.647470848118870013e+00 -6.559683311626732793e-01 -5.841498148571303561e-01 -4.779901069206798359e-01 -2.981618098230875979e-01 3.959777918226423665e-01 -8.054659761185779532e-01 4.409378070642313019e-01 -8.473677918350203342e+00
-8.618198393483191833e-01 1.300985868397458722e-01 -4.902457773484056314e-01 -2.823552126220540970e+00 4.645429150609838853e-01 5.904985843239235477e-01 -6.599328011078787748e-01 -2.850257902120845177e-01 -2.036331126616817422e-01 7.964833831372439832e-01 5.693397718532997587e-01 -9.457965898816723893e+00
8.419674553698814901e-01 -1.123438953822775005e-01 -5.277022392110035653e-01 -2.869461856564313074e+00 -4.911596137241744930e-01 -5.643703151044385802e-01 -6.635121560870169688e-01 -2.903251279091097481e-01 2.232779387765193857e-01 -8.178416696398264074e-01 5.303602223550067940e-01 -1.045689743484896539e+01
-8.890791465772939217e-01 7.130837071317991382e-02 -4.521652213379825924e-01 -3.091331953724061332e+00 4.240416315693734117e-01 5.003564958112192151e-01 -7.548722221644578179e-01 -1.623673138652600989e-01 -1.724150974171892725e-01 8.628780292519649953e-01 4.750942441420105689e-01 -1.142354134954115708e+01
8.342862478929756742e-01 5.969860583652662062e-02 5.480898950335061359e-01 -4.089749756096311195e+00 -4.949254690980188776e-01 5.191292689697319940e-01 6.968167493229929788e-01 -1.611530034847448722e-01 2.429305180803150166e-01 8.526082796690004351e-01 -4.626487704783180943e-01 -1.136732376015432244e+01
-6.252843600253612522e-01 -1.281156260340601261e-01 -7.698089733651978239e-01 -4.252552874588666931e+00 6.556600100298468625e-01 -6.212208370193302853e-01 -4.291790103216481245e-01 -9.065800272020368977e-02 -4.232368371908789006e-01 -7.730918820029804017e-01 4.724399661605205303e-01 -1.235146074222357271e+01
4.312891520588338912e-01 3.157656122126105691e-01 8.451519067365180771e-01 -4.421565754188153896e+00 -7.210312008059494016e-01 6.837084910759705370e-01 1.125020297370494249e-01 -2.378618526016931800e-02 5.423132625897189030e-01 6.579017991878584048e-01 -5.225529139184627025e-01 -1.333480341218104037e+01
-1.392768772023686985e-01 -5.931389626710573681e-01 7.929616147319260566e-01 -4.754955388723047349e+00 7.019696099709981096e-01 -6.239420519475002980e-01 -3.434166310601652894e-01 -2.858012437885440460e-02 -6.984558813224517326e-01 -5.088049594619244997e-01 -5.032662268352900981e-01 -1.427758035808734327e+01
-8.576292630079798140e-01 -2.763858490652391087e-01 4.336852656810943341e-01 -5.228022039268976684e+00 4.944560738613476558e-01 -6.749821180982136237e-01 5.476425214218457738e-01 1.352114130290658356e-01 -1.413691559500036277e-01 -6.841125657990376752e-01 -7.155450782877652571e-01 -1.514324789035062757e+01
-7.605213958492715864e-01 -3.920428918487750547e-01 -5.175998236150504139e-01 -5.400652305070324566e+00 6.006311967001541907e-01 -7.276018730785350774e-01 -3.314176818504927513e-01 1.381023336016068970e-01 -2.466766547649419106e-01 -5.629368394797619191e-01 7.888299834251469855e-01 -1.415826543674670646e+01
5.316999974260837591e-01 6.101020075816890875e-01 -5.874271470419988317e-01 -5.698783518879059429e+00 -6.189742271882072711e-01 7.533362093632505196e-01 2.221608915605465251e-01 2.332454776986128131e-01 5.780709461769105717e-01 2.454793188987755559e-01 7.781862792282631114e-01 -1.510803675737302854e+01
5.344011576139131581e-01 6.089163273104092333e-01 -5.862050060138677132e-01 -5.484649585308422282e+00 -6.125057129560168567e-01 7.569125413615139797e-01 2.278599489289465652e-01 1.824399344794228606e-01 5.824535641037449363e-01 2.372852946654342987e-01 7.774596675059012307e-01 -1.608351892290542295e+01
8.346089540203126544e-01 5.507711296436419435e-01 -8.891378981498171061e-03 -5.882173654114378536e+00 -5.302633970744634606e-01 7.989524395441947036e-01 -2.837176925562378549e-01 1.920001402678127023e-01 -1.491597251009082192e-01 2.415080994448246532e-01 9.588666300953296862e-01 -1.700106086591688026e+01
-8.345722447913968001e-01 -5.489225944233888654e-01 4.661709509773062643e-02 -5.982636910175751055e+00 5.499434458017387062e-01 -8.251566179874734175e-01 1.291462822197773919e-01 2.094937027844678834e-01 3.242490776497345545e-02 -1.334186685699372543e-01 -9.905291940339072676e-01 -1.600627389904808240e+01
-8.211345986414402276e-01 -5.684243343980811547e-01 5.130055533875867851e-02 -5.819849674308707144e+00 5.696860573393262017e-01 -8.108623178743286086e-01 1.340152883989383092e-01 2.109115392354571628e-01 3.457986389710927810e-02 -1.392698011615352005e-01 -9.896505219001745512e-01 -1.699293407640326947e+01
3.301273286776238991e-01 6.117847278658904431e-01 -7.188430938739274190e-01 -5.295770964678585990e+00 -2.707532250327595036e-01 7.909097205429117539e-01 5.487754596236046334e-01 2.573727802662457709e-01 -9.042724357153335557e-01 -1.346330942951568660e-02 -4.267436013634732239e-01 -1.614253248939022356e+01
3.234839251458000442e-01 6.147618119221480715e-01 7.193233381272072791e-01 -5.133633890845984205e+00 -2.743775877241977357e-01 7.884767268911501148e-01 -5.504737873011521510e-01 2.408774240046131776e-01 -9.055799741198582442e-01 -1.929678090300865345e-02 4.237364094810149862e-01 -1.712916285204424227e+01
3.340706755280970497e-01 6.125362433427654629e-01 -7.163770894883074725e-01 -5.356527246193215852e+00 -2.758318253889175398e-01 7.903034895663271220e-01 5.471171707065215495e-01 2.139131653188693083e-01 -9.012844100808719006e-01 -1.482379744941035062e-02 -4.329742107497374648e-01 -1.615469300597635183e+01
-3.134974346832198333e-01 -6.153819151998968229e-01 7.232042981702698770e-01 -5.526604723148865972e+00 2.878429677951019339e-01 -7.873482107078766390e-01 -5.451873265089883791e-01 1.159398438070779191e-01 9.049120312704186375e-01 3.725444322513286194e-02 4.239650010579115724e-01 -1.517414475111871930e+01
9.218986670753991086e-02 3.899313636169181030e-01 -9.162175288348844981e-01 -5.735065154600805570e+00 -1.440185152001012547e-01 9.156824066678675988e-01 3.752124696735243958e-01 5.049933611837068015e-02 -9.852713817806802998e-01 -9.736150053689571204e-02 -1.405739750352068274e-01 -1.419830573341532975e+01
8.066400394214266745e-02 3.897806062113108316e-01 -9.173681907988584516e-01 -5.950979746778834567e+00 -1.519540400304814076e-01 9.144181422092133582e-01 3.751658712050864319e-01 3.647402889082779209e-02 -9.850904974602299191e-01 -1.091354214734937961e-01 -1.329893664672670561e-01 -1.322199421569070132e+01
2.370435397828068447e-01 -7.748663359504624759e-02 -9.684039352777071841e-01 -6.206163463171672667e+00 4.970476322270325070e-02 -9.945412820064357673e-01 9.174461781475629074e-02 -4.017249888841620264e-02 9.702266728760952086e-01 6.988175726974080182e-02 2.318981311711712512e-01 -1.225814434114211515e+01
1.753387247714651154e-01 1.456252017947106125e-01 -9.736784028609096753e-01 -6.419043150240243634e+00 -9.531722051971475151e-02 9.868646919875945223e-01 1.304327688145571762e-01 -7.423297050865984570e-02 -9.798831354135651983e-01 -6.993840368841912347e-02 -1.869161860877815995e-01 -1.128165976722064556e+01
2.651221883059092232e-01 2.716081533392640801e-01 9.251698418709544125e-01 -6.765224195136423369e+00 8.570856231173397399e-02 -9.623461533511696864e-01 2.579610890748217367e-01 -1.571442601842212294e-01 9.603979735580180366e-01 1.090376860763920923e-02 -2.784184624190895740e-01 -1.034716289606541118e+01
4.721488153283625588e-01 4.487247277216196428e-01 -7.587632139970865719e-01 -7.000898050390834904e+00 1.444077452253033633e-01 -8.884891602766832319e-01 -4.355839932662630698e-01 -1.493987727918033026e-01 8.696101996314054006e-01 -9.608918150344193665e-02 4.842984306138439776e-01 -9.375361557635288889e+00
-4.616948773070715384e-01 -4.522231564832003836e-01 -7.631068450805463810e-01 -7.233538588266858582e+00 -1.545055856934035299e-01 8.881334679572887580e-01 -4.328359586306384510e-01 -1.346022857772412318e-01 -8.734791721947076093e-01 8.193387476824802451e-02 4.799176761774001099e-01 -8.402911330575424387e+00
-7.246188879721124909e-01 -4.614402832283230893e-01 5.118596801939281349e-01 -7.445646227708265563e+00 -3.293471722423593762e-01 8.843065114372773428e-01 3.309568460775513254e-01 -2.132420660950415381e-01 -6.053576689280686374e-01 7.123804351472563801e-02 -7.927592533841377742e-01 -7.428834262658227772e+00
5.313304767295746744e-01 6.474441186915870228e-01 5.463552302943603944e-01 -7.712802877882332986e+00 1.791343601747605319e-01 -7.162032889725605811e-01 6.745099924164739136e-01 -1.541388905112478225e-01 8.280089404729321645e-01 -2.605167212225935613e-01 -4.965201229158076601e-01 -6.466995326607246852e+00
-6.827539892233959185e-01 -7.277438411666500295e-01 -6.508372948406357383e-02 -7.993246225565147967e+00 -5.627834224912009464e-01 5.806098771509000667e-01 -5.883595753651948979e-01 -2.450310595905582367e-01 -4.659633135437092344e-01 3.650768031508381251e-01 8.059758794359405121e-01 -5.511437823188162000e+00
-3.284438227747757955e-01 -8.739085930235119815e-01 3.583412149345424069e-01 -8.967084081971158582e+00 -8.316510239446985864e-01 4.474222705110396103e-01 3.288919065931623642e-01 -3.779452397304021716e-01 -4.477513033513476071e-01 -1.899923232407547125e-01 -8.737400571432882845e-01 -5.695757247417673419e+00
2.462348227088075880e-01 9.475288444068351579e-01 2.038565699275271537e-01 -9.222087071697409044e+00 7.110997808072285764e-01 -3.195363969045258434e-01 6.262855521159578220e-01 -3.795901664270922016e-01 6.585632193050865446e-01 -9.250949698784073638e-03 -7.524685416070217014e-01 -4.728818382004333465e+00
2.666158225702761619e-01 9.230802298346508783e-01 -2.771982908381475652e-01 -9.401103911884931108e+00 8.325556620718636003e-01 -3.654737647699766723e-01 -4.162691398806138698e-01 -4.129513693766882487e-01 4.855585162544896471e-01 1.197990674140499007e-01 8.659567603174362915e-01 -3.745538156907219474e+00
2.410792445493279701e-01 9.285471833806894226e-01 -2.822781006088148636e-01 -9.132394347235006649e+00 8.383756960334061148e-01 -3.457702678285644593e-01 -4.213895041244742345e-01 -3.481077309283236998e-01 4.888834116106141048e-01 1.350668357575568745e-01 8.618294261223710118e-01 -4.706574302126756315e+00
-7.457856872201074072e-02 -7.209732012885720076e-01 6.889380814783662155e-01 -9.479862233553424389e+00 -6.028059425974958696e-01 5.829434737896970198e-01 5.447952844281528373e-01 -4.095143140586500197e-01 -7.943947587040898206e-01 -3.746659170377217851e-01 -4.780820201113625822e-01 -3.770895244155664905e+00
-8.542157519229466589e-02 -6.407012642328162588e-01 -7.630236198848270313e-01 -1.000696944672760580e+01 -5.768098955170486430e-01 6.562373678908092201e-01 -4.864595167301800083e-01 -4.587032090161740072e-01 -8.123998393188458511e-01 -3.985654362764300962e-01 4.256196589450488843e-01 -2.922521247363798480e+00
1.026486014938028657e-01 6.376731107442912272e-01 -7.634371411223535020e-01 -1.031694273567968523e+01 5.841930915629206522e-01 -6.598327712469812534e-01 -4.725877122383658202e-01 -4.612672897299007202e-01 8.050973210622003329e-01 3.974842359417984361e-01 4.402551371605338271e-01 -1.971779439286376778e+00
-8.599873891290432670e-02 -6.358659394538570542e-01 7.669933011101599529e-01 -1.063717027353775002e+01 -5.817485629632074273e-01 6.570228215155624607e-01 4.794680609779748970e-01 -4.432873519301279153e-01 -8.088095118108100667e-01 -4.049636021301176170e-01 -4.264172306018668146e-01 -1.024609419789307641e+00
-3.093071560893280170e-01 9.236407649616263926e-01 -2.263113353171696818e-01 -1.117744544519709393e+01 1.660186462072079927e-01 -1.818794203625913597e-01 -9.692046664972777670e-01 -4.235578056796956425e-01 9.363583140568924046e-01 3.373538405734782253e-01 9.708498311718972984e-02 -1.833523342956888680e-01
-2.998092612167550519e-01 9.301452223404477193e-01 2.120006420884385789e-01 -1.165088985680683109e+01 1.401890448252360588e-01 -1.768556410363306963e-01 9.742017829713836008e-01 -4.193801404824483159e-01 9.436426434830397225e-01 3.217948843454087049e-01 -7.737321118754500460e-02 6.974614577335969123e-01
-3.103530033523638210e-01 9.252098112376446748e-01 -2.183296097641748701e-01 -1.203597116446614201e+01 1.657324963033446341e-01 -1.734921327259944523e-01 -9.707899976571938705e-01 -5.139076155538635504e-01 9.360629001190238219e-01 3.374719026404938149e-01 9.949352717124061718e-02 1.615490293309048253e+00
-3.753168086592992281e-01 -9.178507378366018710e-01 1.291793953794913574e-01 -1.302439146128198644e+01 -1.233086123252397359e-01 1.875714314249002646e-01 9.744803457431270299e-01 -5.120805228741186488e-01 9.186578684495276814e-01 -3.498099214802603552e-01 1.835776118423793901e-01 1.463760340515222858e+00
-3.739883546265752590e-01 -9.171702683740302620e-01 1.375914583628698729e-01 -1.258365878315727393e+01 -1.000125781481734921e-01 1.873759523843457897e-01 9.771835736852217957e-01 -5.325932029191604578e-01 9.220250510782609377e-01 -3.516944004086133835e-01 1.618049872697485680e-01 5.663563420895478817e-01
4.799107828372691786e-01 8.221197568560844049e-01 -3.062756044862485205e-01 -1.303386584745285859e+01 4.514385873350283684e-02 -3.717831636704911347e-01 -9.272212849313894445e-01 -6.357496775393288724e-01 -8.761550505105683007e-01 4.311570300923541210e-01 -2.155364072883550752e-01 1.453301853945992539e+00
4.215240003529669433e-01 8.775622855824342095e-01 2.284774650808500118e-01 -1.283819553213003672e+01 -2.220818526340315735e-01 -1.443808301329933264e-01 9.642789153666850854e-01 -7.129407754039657208e-01 -8.792025749831928749e-01 4.572074045916650342e-01 -1.340306730919592626e-01 4.756747971846120304e-01
3.517754826278301494e-01 7.920125359171434898e-01 -4.989690899966227611e-01 -1.328555322305583530e+01 3.586814310967420538e-01 3.783103821856176885e-01 8.533632788660242552e-01 -8.261766222161583961e-01 -8.646396016886787050e-01 4.791632265529891521e-01 1.509998725528581831e-01 1.362832471651932220e+00
3.336570554914450315e-01 7.929525371577293980e-01 5.098031415516215414e-01 -1.342932318569592276e+01 3.799353247023258828e-01 3.818131316795129737e-01 -8.425365757760476804e-01 -8.146755637071101397e-01 -8.627410494256796403e-01 4.748104951369606086e-01 -1.738760344144033576e-01 2.352376772578191666e+00
-3.400829338695262050e-01 -7.975607652669793879e-01 -4.982373167451924489e-01 -1.357858565992022370e+01 -3.502945638102775705e-01 -3.842489174034787180e-01 8.541934722527612101e-01 -8.220019996232035275e-01 8.727183489853237441e-01 -4.650264456791755041e-01 1.487047012146255343e-01 3.341147239939149749e+00
-3.569015117650817248e-01 -7.974907512069384641e-01 -4.864461045575294573e-01 -1.407356206921309649e+01 -3.212196244913220755e-01 -3.842123977350481723e-01 8.655626992126830288e-01 -8.129654509481741842e-01 8.771768714127495814e-01 -4.651766709177063697e-01 1.190436940474717820e-01 2.472287818035019846e+00
-5.628043747981778533e-02 -9.962365350215102167e-01 6.591872757736100263e-02 -1.461418063961061087e+01 -7.592959586585580345e-01 -1.634173011504504809e-04 -6.507454344515783973e-01 -8.280899661134647483e-01 6.483071490596623576e-01 -8.667606118833183493e-02 -7.564291777126380678e-01 1.631155955374733013e+00
6.808588730824728825e-03 -6.995490601476778147e-01 7.145521363525532132e-01 -1.525115183198868252e+01 -5.489721557044504457e-02 7.132296029246852909e-01 6.987773817422219258e-01 -9.257857886837393968e-01 9.984687971299426312e-01 4.398461047235583538e-02 3.354720852006570775e-02 8.664839823478831526e-01
2.376376304279425034e-01 -4.818692707892723304e-01 8.434040327586834751e-01 -1.556255146757246521e+01 1.668577543865391588e-01 8.756208800891568389e-01 4.532621362445567459e-01 -9.298991698685135088e-01 9.569152765034540931e-01 -3.301636292679892976e-02 -2.884840955293947462e-01 1.816754126598199015e+00
-4.895172467382875592e-01 2.659910391169567623e-01 8.304346044423072115e-01 -1.582885473349631233e+01 -2.561444343435487769e-01 -9.541888892348675544e-01 1.546402031024295964e-01 -9.502546298930588664e-01 -8.335243811074733999e-01 1.370121555564304261e-01 -5.352240421815840365e-01 2.780428462567297032e+00
7.746902482258075651e-01 -4.964677070602703801e-01 3.916309936025976213e-01 -1.624506463001626955e+01 3.127903089391271818e-01 8.391215753939611499e-01 4.450137125326925625e-01 -9.704184159245610175e-01 5.495609537963970226e-01 2.222494039467478311e-01 -8.053495890032601467e-01 1.871383500108496634e+00
-4.791646730521232911e-01 7.988458054059075497e-01 -3.636572497342008825e-01 -1.671686019300060266e+01 2.228155802958460205e-02 -4.031137172378000399e-01 -9.148786056884846696e-01 -1.030137505390847918e+00 -8.774421623506781787e-01 -4.464803580899383006e-01 1.753583233532331753e-01 9.917002746792438206e-01
5.006530832720244018e-01 -7.969053769173078949e-01 3.380655416491051279e-01 -1.630750551720683816e+01 2.042387583259847386e-02 4.013001775258562831e-01 9.157188612307268771e-01 -1.022472553145785001e+00 8.654070461385195978e-01 4.515528626395901024e-01 -2.171880676644184494e-01 7.935713862085147507e-02
5.742723959858040406e-01 -7.816467234810691167e-01 -2.433918956745212969e-01 -1.672461259776649101e+01 3.689211984726158411e-01 -1.831773610057996216e-02 9.292801568212282204e-01 -9.803018517560362355e-01 7.308271782892721280e-01 6.234523720505570354e-01 -2.778466758093116051e-01 9.872356080710861237e-01
6.268601050802985464e-01 -7.401304740301598573e-01 -2.434199869990382736e-01 -1.627027757202834479e+01 4.008598586345543668e-01 3.847040384129386120e-02 9.153313071034888670e-01 -8.872669177256982120e-01 6.681001290182548846e-01 6.713619809314395059e-01 -3.208041585852887123e-01 1.012761364035109635e-01
4.501666923735401782e-01 -6.191915671103552787e-01 6.433908239141228336e-01 -1.608639018108135943e+01 6.902055193774941921e-01 -2.158630899234786626e-01 -6.906659593678702302e-01 -1.058603714833225684e+00 5.665388690092839630e-01 7.549867082459916778e-01 3.301950639751811134e-01 -8.666232020649297096e-01
-4.054377507677356940e-01 5.346423964762183623e-01 7.414699846538431727e-01 -1.600528937773605520e+01 -7.324814911933258399e-01 2.952637829646925782e-01 -6.134249453100106830e-01 -1.043906200045468635e+00 -5.468922154425037707e-01 -7.918186701256498816e-01 2.719045757776942795e-01 1.299743309220879883e-01
5.808530558350303297e-01 -6.964485227628793851e-01 -4.213895853821209569e-01 -1.628504133574151780e+01 5.542713623918881227e-01 -4.073136748647207539e-02 8.313388073071840134e-01 -1.070614077996624003e+00 5.961484583217138145e-01 7.164498662461268319e-01 -3.623625322747400790e-01 -8.297264199619865943e-01
5.678916770811686110e-01 -6.864737174796399222e-01 -4.541507220203739315e-01 -1.633727794803384370e+01 5.979107136148348323e-01 -3.515287926972543442e-02 8.007915169528561083e-01 -1.072616588992185038e+00 5.656870350702282169e-01 7.263044198466230839e-01 -3.904869627333614757e-01 1.689063084652036029e-01
-5.341084995266247581e-01 6.935359439187639419e-01 4.834625168781258586e-01 -1.640367873436992951e+01 -6.425299314882544355e-01 3.865119186762402265e-02 -7.652851576431624059e-01 -1.059003398320388811e+00 -5.494391666737319380e-01 -7.193844451056254918e-01 4.249736724374302832e-01 1.166606472148503215e+00
-4.878293389482304399e-01 7.078492222612597917e-01 5.108542009276888507e-01 -1.652471376143300930e+01 -6.832754326742782602e-01 5.458788781354981939e-02 -7.281173295615489538e-01 -1.043718015778290154e+00 -5.432837372544098153e-01 -7.042511207290990116e-01 4.570264103820464441e-01 2.159137015408699956e+00
-3.826673127236182026e-01 7.932425104422574647e-01 4.736370418370537960e-01 -1.675037264380724267e+01 -8.370642207597714934e-01 -8.071094019109571749e-02 -5.411185031555604263e-01 -1.058586196832624893e+00 -3.910105089338767326e-01 -6.035329848158610400e-01 6.948803624671933132e-01 3.133229929866939489e+00
-1.708841283045372805e-01 6.882284038299034679e-01 7.050817533132928139e-01 -1.700086276242760874e+01 -9.511781874993825436e-01 7.143991100267624295e-02 -3.002605447629234647e-01 -1.052360106990472222e+00 -2.570188131615987470e-01 -7.219681456114808160e-01 6.424198988226723639e-01 4.101329065430458165e+00
3.350498048581270760e-01 3.762132944153028236e-01 8.638316881023297977e-01 -1.732338978766895465e+01 -8.864754171041925312e-01 4.364950772570796445e-01 1.537315270212740170e-01 -1.049904826355061438e+00 -3.192224351991732045e-01 -8.172732741473486273e-01 4.797514275434648368e-01 5.047886136919530031e+00
-7.405935409418143989e-01 -6.315251503121612764e-01 -2.295586888760095812e-01 -1.786707508648439457e+01 6.688698425491815813e-01 -6.601514369527198278e-01 -3.417794815630416649e-01 -1.078924518474561056e+00 -6.429884014122973224e-02 4.066645605563211641e-01 -9.113120181057845492e-01 5.886673448054633440e+00
-6.824101000449236398e-01 -7.268040530381862929e-01 -7.792511690044474915e-02 -1.841478007930393090e+01 7.241397830683825587e-01 -6.867204548380566598e-01 6.353417572218650333e-02 -8.987398052548121186e-01 -9.968966814250460051e-02 -1.307231403701944981e-02 9.949327035892256976e-01 5.069634458799855636e+00
-6.974953524936922111e-01 -7.147352898090315598e-01 -5.151406362639016079e-02 -1.866881197877055953e+01 7.138891516678651517e-01 -6.993040960555624297e-01 3.655215959225417699e-02 -8.074166396723707617e-01 -6.214911407771433333e-02 -1.128036974200546591e-02 9.980031266874116458e-01 4.106759662431512581e+00
-6.777123977494448059e-01 -6.885075159292148861e-01 -2.581923826252123799e-01 -1.841442056760335078e+01 6.126826806921399360e-01 -7.228803242520929206e-01 3.194745210327281648e-01 -8.243462513362711519e-01 4.066028021504554668e-01 -5.832184254784214539e-02 -9.117415883709777402e-01 3.139806510426067288e+00
-7.091639667355030818e-01 -6.620165950152803180e-01 2.425293718466791093e-01 -1.789237195501623390e+01 5.976422355480984772e-01 -7.469468091896401818e-01 -2.913661314059938223e-01 -9.007926232658933774e-01 3.740457546518175524e-01 -6.168056554372958189e-02 9.253568399602224437e-01 2.290323609883235356e+00
6.440871020538909697e-01 7.206813020179043683e-01 2.564571424031765190e-01 -1.814488046295367241e+01 -4.896413234722454821e-01 6.459946167506620540e-01 -5.856127811767107838e-01 -9.120020188928210647e-01 -5.877101150364691939e-01 2.516136245336275112e-01 7.689521471670922592e-01 3.257853352510761802e+00
5.038866943413462529e-01 8.529414130923652637e-01 1.363420151595038099e-01 -1.850873750721618904e+01 -3.377896763919956830e-02 1.771827687679332075e-01 -9.835981129490682928e-01 -7.397086015553977489e-01 -8.631090201191216060e-01 4.910165091763557532e-01 1.180915200396973480e-01 2.342471994997546325e+00
5.209285104655794196e-01 8.260491558209600571e-01 2.151192207860483652e-01 -1.819110154983009764e+01 -6.053289715808999327e-01 1.798071287596308132e-01 7.754006916504760927e-01 -7.324945009562824350e-01 -6.018391173303174746e-01 5.341462240011651819e-01 -5.936981457242157534e-01 1.394286699114950068e+00
4.016484337608083877e-01 9.156590899606668055e-01 1.571517196525764812e-02 -1.863239082584911799e+01 -9.061403096192732765e-01 3.998410833967100952e-01 -1.379740820271751767e-01 -6.266140265783486374e-01 -1.326207937715189744e-01 4.117692315548248522e-02 9.903111561821720255e-01 5.031901274594906548e-01
2.552460289788321610e-02 8.942655236555941967e-01 -4.468083121965106819e-01 -1.807707522379853771e+01 -2.705517812413184009e-01 4.364534767978174856e-01 8.580851334560316568e-01 -5.656962463508400374e-01 -9.623669925314705109e-01 -9.898250245414950965e-02 -2.530854320063827267e-01 1.332595701452911952e+00
1.973951923675832110e-01 5.092576885914567031e-01 -8.376704272210250268e-01 -1.850968235051571043e+01 -4.951790889479770752e-01 7.892582336411327892e-01 3.631378670675073361e-01 -4.415825325727305017e-01 -8.460690325847110005e-01 -3.431152098642232251e-01 -4.079695391337587185e-01 4.395968996811971952e-01
2.418591705485896026e-01 4.567619899983748621e-01 -8.560798012535254520e-01 -1.808069948123487691e+01 -4.013995435994173189e-01 8.503393634999573125e-01 3.402960083231572619e-01 -6.086444444210208360e-01 -8.833926352532827098e-01 -2.613263311938081590e-01 -3.890064274598232230e-01 1.327326596983915641e+00
2.419739576658254954e-01 4.589923980912823942e-01 8.548535443606432027e-01 -1.829493120287322228e+01 -4.084794822169412476e-01 8.473456318065453186e-01 -3.393374321617844136e-01 -5.589357579086067229e-01 -8.801097183984099015e-01 -2.670793117274051220e-01 3.925245531529170662e-01 3.518093926614698219e-01
1.906657179047206718e-01 6.647385734821554815e-01 -7.223359418863145587e-01 -1.866997012091146502e+01 -4.768911009283119395e-01 7.058925728733254079e-01 5.237275564811034734e-01 -4.353323676605274084e-01 -8.580334852855519001e-01 -2.446186920232972795e-01 -4.515974243079221573e-01 -5.669223483140368725e-01
-6.161989928731747418e-02 3.753351129446033663e-01 -9.248386567411018833e-01 -1.832543288980056673e+01 -2.844349085932966203e-01 8.815740738524762143e-01 3.767279324455248823e-01 -4.449336602430866705e-01 -9.567130033533334244e-01 -2.862703360497130811e-01 -5.243590289715203273e-02 -1.505645902700087468e+00
2.244233687710337453e-03 -4.319252931758078562e-01 9.019065941272138565e-01 -1.841681480176138308e+01 3.199750721663042197e-01 -8.541814622455035089e-01 -4.098658106604045059e-01 -4.157538004117667940e-01 9.474233038126812501e-01 2.895074622028436795e-01 1.362883440413905634e-01 -2.501034209817772247e+00
-7.780643678576055766e-01 -1.764066899019529344e-01 -6.029067251475839218e-01 -1.796138974805118238e+01 3.636824297570782072e-01 -9.090551539712203866e-01 -2.033563800925779208e-01 -5.458282161518466236e-01 5.122020399767470700e-01 3.774909360450961482e-01 -7.714594373312612108e-01 -1.620313671381805820e+00
-9.927297288597719538e-01 -1.200238311996273954e-01 9.053473486494340722e-03 -1.763075102788803861e+01 1.103267729076128911e-01 -8.772900674619706907e-01 4.671082751486764217e-01 -5.996246893531499422e-01 -4.812160240266133426e-02 4.647111118498679638e-01 8.841537727711565875e-01 -2.562536562315782085e+00
9.679851860024522026e-01 1.078545423258839564e-01 2.266540919098431750e-01 -1.736301424667767535e+01 -2.260001142759117676e-01 7.673959908659322426e-01 6.000227841925482863e-01 -6.823880618250556251e-01 -1.092182586707833303e-01 -6.320370170350577688e-01 7.672030898467226967e-01 -3.522467414077611103e+00
7.927979916644463110e-01 8.759705399893544242e-02 6.031567794060939125e-01 -1.757071672657352224e+01 -4.618208639438095564e-01 7.321380445302122508e-01 5.006948905048651532e-01 -7.174768813146001900e-01 -3.977346276589739382e-01 -6.755002885877920971e-01 6.208917184814090051e-01 -4.500029920821781104e+00
-7.590179407526024928e-03 -3.077003850441107913e-01 9.514530268070364727e-01 -1.710748579193361252e+01 5.081302635724530559e-01 -8.206698785458405032e-01 -2.613514600865148307e-01 -8.561847527752670661e-01 8.612467848522651348e-01 4.814783728177891575e-01 1.625809093663234395e-01 -3.624714419081130234e+00
-4.876229336381368573e-01 4.647448644207904378e-01 7.390778616523716593e-01 -1.680334860075715753e+01 -1.868916280057716373e-01 7.713535766396600879e-01 -6.083462658606236806e-01 -9.328295026897861497e-01 -8.528161548490382771e-01 -4.347710556139966487e-01 -2.892727695943796418e-01 -4.574254387304605096e+00
8.790915122474859955e-02 -8.431589557773125909e-01 -5.304290305247819637e-01 -1.735616886169302475e+01 5.065363929868940129e-01 -4.206682041906589786e-01 7.526348015889522403e-01 -8.741698368953078058e-01 8.577254011108591536e-01 3.348450944474487545e-01 -3.901101113963927336e-01 -3.743021085091754685e+00
-1.747108678451855801e-01 -4.928728848679783114e-01 8.523804502795117033e-01 -1.780712654518002580e+01 8.211181339099195009e-01 -5.506653874732835297e-01 -1.501087645782167579e-01 -8.265670373354188083e-01 5.433609507694555640e-01 6.736794121841790384e-01 5.009140912153541292e-01 -2.851746076366557414e+00
-1.669120888605696296e-01 -4.852365755031059491e-01 -8.583040372654814343e-01 -1.725096926838171285e+01 8.176088367551663794e-01 -5.546402045909141210e-01 1.545640110479181706e-01 -9.133180832043575892e-01 5.510500382470527869e-01 6.759583635442156790e-01 -4.893098671624762086e-01 -3.678283032288633070e+00
-1.887288060146727620e-01 -4.544281423080588356e-01 8.705610267285850412e-01 -1.769133935676177316e+01 7.867796378825412384e-01 -6.004699710846035376e-01 -1.428762234911106765e-01 -8.646505455625603798e-01 5.876727313681547882e-01 6.579748302968048135e-01 4.708607899392313612e-01 -2.781786709909103372e+00
-1.215932597901365209e-01 7.465608281145778014e-01 6.541116182261936807e-01 -1.739365197947027752e+01 -6.588384951994176175e-01 4.321903615401775367e-01 -6.157461560051727956e-01 -9.328648223253759308e-01 -7.423926969044005730e-01 -5.058244965565152906e-01 4.393115776602889433e-01 -3.734009917905545706e+00
-2.696666700125335270e-01 -3.005824891311461022e-01 9.148388132955888041e-01 -1.786803868111163851e+01 8.833889079218586460e-01 -4.553585034113266095e-01 1.107820866910873281e-01 -8.564304832935789591e-01 3.832804775161261501e-01 8.380326966167429559e-01 3.883262480908198921e-01 -2.857017871691554856e+00
6.513305036309281482e-01 -3.553263566143056718e-01 -6.704563783983937819e-01 -1.735169498524884801e+01 4.624981761242758505e-01 -5.145743055959907108e-01 7.220171196738552899e-01 -8.706583273114005816e-01 6.015513378936228062e-01 7.803566263674668324e-01 1.708201497563739679e-01 -3.713281123383089355e+00
