0.000000000000000000e+00 1.000000000000000000e+00 0.000000000000000000e+00 0.000000000000000000e+00 0.000000000000000000e+00 0.000000000000000000e+00 1.000000000000000000e+00 0.000000000000000000e+00 0.000000000000000000e+00 0.000000000000000000e+00 0.000000000000000000e+00 1.000000000000000000e+00
9.999946543213997785e-01 -3.269575428516220163e-03 3.471515712254874542e-05 5.527462325237761376e-02 3.269705484248396077e-03 9.999828568851151234e-01 -4.857464557718552470e-03 1.356716994255752554e-02 -1.883271523385465773e-05 4.857552099613880736e-03 9.999882018468658762e-01 9.602431647300526674e-01
9.987169674401883412e-01 5.058736301375474365e-02 2.310335557714715288e-03 1.184109379254409955e-01 -5.057903025334239272e-02 9.987138125778174391e-01 -3.533024895390057731e-03 5.296312436651512412e-02 -2.486090446099119711e-03 3.411637377345675456e-03 9.999910900026557359e-01 1.920686459311031768e+00
9.982894195611261567e-01 5.846025767543723550e-02 7.956537138349449373e-04 1.650078692611455788e-01 -5.846302997292476822e-02 9.982812393219773206e-01 4.079380364946204839e-03 4.030593256747980191e-02 -5.558045482274625790e-04 -4.118918583611147315e-03 9.999913627582021070e-01 2.883226752869360254e+00
9.956199112947943242e-01 9.302888699836533992e-02 -9.306901589278371995e-03 2.396323093486733002e-01 -9.291882283785832253e-02 9.956057331613649142e-01 1.163256027914620280e-02 5.360824500405408921e-02 1.034816871596436899e-02 -1.071682229331091113e-02 9.998890264045104947e-01 3.841106301164121106e+00
9.967625995989944920e-01 7.945422716000384578e-02 -1.230226918344700174e-02 2.494215534257547273e-01 -7.931645876036262643e-02 9.967853337445626849e-01 1.130919101688695680e-02 6.383636666947678506e-02 1.316128452589014099e-02 -1.029680621100492049e-02 9.998603684372541212e-01 4.799666067024751293e+00
9.953789659928554689e-01 9.459610621002680075e-02 -1.650123476885526422e-02 2.701422197577447171e-01 -9.446493627326062181e-02 9.954914132097615331e-01 8.556987818207031915e-03 7.753958613320506565e-02 1.723629524824363268e-02 -6.958657595629176226e-03 9.998272286803266962e-01 5.732084744347955230e+00
9.997563615901153833e-01 2.167032607561525728e-02 4.196954594999106544e-03 -1.401084740385571403e-01 -2.184272041045018029e-02 9.986716777330045813e-01 4.666664396565836648e-02 -8.764091265216378268e-03 -3.180098295165610829e-03 -4.674694708452069997e-02 9.989017018271167947e-01 6.570671272438352695e+00
9.998614589596657165e-01 1.561754077038253127e-02 5.758064547758311169e-03 -2.146445344346723239e-01 -1.586317053808377481e-02 9.988421513624611281e-01 4.541713863830127568e-02 1.757939970148385267e-02 -5.042093566208120416e-03 -4.550218766055454112e-02 9.989515144443064099e-01 7.497281702282469595e+00
9.999494560766475360e-01 -3.397226431335756327e-03 9.462776790836105803e-03 -2.896642566142341724e-01 2.931034547172266594e-03 9.988017598632293881e-01 4.885134113409552586e-02 2.175468653721995479e-02 -9.617397179186698217e-03 -4.882113626996693184e-02 9.987612338916679322e-01 8.423714044823803704e+00
9.998842687146384245e-01 -8.366080408278872213e-03 1.270660755660254181e-02 -4.107597804927030638e-01 7.667108164314865269e-03 9.985063589604150636e-01 5.409497729005936090e-02 2.127403386987454514e-02 -1.314019137577444180e-02 -5.399129387426750137e-02 9.984549441794509095e-01 9.346300578100867895e+00
9.997326402838995207e-01 1.554690126050297522e-02 1.711554299990247427e-02 -5.061965258873581952e-01 -1.652479087951015668e-02 9.981471411384673642e-01 5.855950754142060649e-02 1.956147446617361937e-02 -1.617341143277471749e-02 -5.882668185697151331e-02 9.981371860943386576e-01 1.026451601793258028e+01
9.998611444993300568e-01 2.422228146725390746e-03 1.648710196782666310e-02 -5.456071551791189522e-01 -3.388272404642508635e-03 9.982628179893874298e-01 5.882062418914256463e-02 7.620463066678241637e-02 -1.631598389936174745e-02 -5.886831941455027140e-02 9.981324108747804402e-01 1.121275564063637198e+01
9.999761311280013221e-01 4.770962697325973993e-03 4.997508300945740882e-03 -3.545950744220656148e-01 -5.037967546635230102e-03 9.984817324551570339e-01 5.485297472652038431e-02 1.935165742791705445e-01 -4.728219250027899077e-03 -5.487684273252075445e-02 9.984819357777247051e-01 1.206803129735503788e+01
9.998637294337960890e-01 -1.231166684474344075e-02 -1.099751891327741156e-02 -1.226169392457188145e-01 1.281057336120321015e-02 9.988356724071629777e-01 4.651009285185938452e-02 2.844172053068732553e-01 1.041209743044560487e-02 -4.664463941800065655e-02 9.988572800158499465e-01 1.294339667670263339e+01
9.997207993503771650e-01 -1.144013167137023293e-02 -2.067478497078215419e-02 1.372047364453077289e-02 1.232525745235300146e-02 9.989902351368293854e-01 4.320414482426766095e-02 3.492639504124531169e-01 2.015964719382819931e-02 -4.344690424650139715e-02 9.988523189823478310e-01 1.383934719375174005e+01
9.995138821296788434e-01 -2.221916606078551404e-02 -2.187025581984814934e-02 -8.295315406910216960e-02 2.311196562725305326e-02 9.988730776377362508e-01 4.145373101860352211e-02 3.431836409435445878e-01 2.092454240615547467e-02 -4.193904421992783460e-02 9.989010361867736165e-01 1.473855745003187145e+01
9.993594911997984997e-01 -2.680020178764864688e-02 -2.371405770898419446e-02 -1.418091086764825259e-01 2.773991069773215981e-02 9.988054105760832968e-01 4.022746771081368855e-02 3.762410946928622102e-01 2.260762489439160569e-02 -4.085952750685956092e-02 9.989091021251876867e-01 1.563699370853149162e+01
9.994199477210947702e-01 -2.460828641711102979e-02 -2.354145995433604491e-02 -2.417961355308149984e-01 2.553116118488632166e-02 9.988838321014478216e-01 3.973977572758823767e-02 3.284165172974628510e-01 2.253725594919509662e-02 -4.031776538873303034e-02 9.989327053852715688e-01 1.652719606144010100e+01
9.990840795586353185e-01 -2.269817390206034166e-02 -3.627388694350616727e-02 -5.640033531576194026e-02 2.399883319144197058e-02 9.990695986803054263e-01 3.583284803394341800e-02 4.337866755419243492e-01 3.542679745514441814e-02 -3.667055895791698078e-02 9.986992601017508076e-01 1.739327715416489895e+01
9.989488403833479691e-01 -2.348511875433130849e-02 -3.936576550587141121e-02 -1.292178603905670409e-01 2.488963220767751935e-02 9.990569632778651954e-01 3.557654191426708190e-02 4.614069693028732266e-01 3.849312283168092319e-02 -3.651894471511926005e-02 9.985913309114783365e-01 1.828207908514544044e+01
9.993680030548725002e-01 -7.824673017345734963e-03 -3.467519231802752844e-02 -2.609626352925478732e-01 9.129956733996318421e-03 9.992494249082977120e-01 3.764612477364741305e-02 4.678848736601504688e-01 3.435459736565098232e-02 -3.793891554339892669e-02 9.986893412504377343e-01 1.915986462037737681e+01
9.993941507641184163e-01 -1.886055282526435820e-03 -3.475304611026428653e-02 -3.538015887758534372e-01 3.203932330439601076e-03 9.992762253531236594e-01 3.790462058425676101e-02 4.840338000166634624e-01 3.465640252670535576e-02 -3.799300250685244684e-02 9.986768574090518769e-01 2.003570194309756047e+01
9.994285689868418476e-01 4.257894341928191080e-04 -3.379873069030889937e-02 -4.725293762226313588e-01 8.069785404323714592e-04 9.993350873849861093e-01 3.645177508542727512e-02 5.026318461924975667e-01 3.379177826859308675e-02 -3.645822026101971924e-02 9.987636927205773008e-01 2.090173077120967804e+01
9.997137275449377025e-01 -1.442176899612267020e-02 -1.909124242246968903e-02 -6.515684158575405505e-01 1.522767751633384396e-02 9.989691521968061538e-01 4.276389594803683969e-02 4.456618999040008466e-01 1.845483122842422538e-02 -4.304236910555134243e-02 9.989027848925592368e-01 2.175040412611443941e+01
9.998077334494078761e-01 -9.306710069359982324e-03 -1.725923759753115322e-02 -7.722167481006274592e-01 1.004910748979984288e-02 9.990055490593822141e-01 4.343878897048970844e-02 4.554020599333699626e-01 1.683780191775756385e-02 -4.360387707818063480e-02 9.989069978383011694e-01 2.260509205791910503e+01
9.995993329285782769e-01 -2.055911307691819789e-02 -1.945498594801223571e-02 -7.723382909681637543e-01 2.142103272683500842e-02 9.987489840992458401e-01 4.518413568545898151e-02 4.714720484062658312e-01 1.850170169640424217e-02 -4.558277778083027337e-02 9.987892157027523643e-01 2.346203525482294694e+01
9.998339903023262254e-01 2.410321198187118617e-03 -1.806051460658785954e-02 -8.527196243160921618e-01 -1.567247520915714121e-03 9.989147290074429364e-01 4.655005807941713092e-02 4.952991182278833615e-01 1.815311464574204461e-02 -4.651402502160199848e-02 9.987526770451966573e-01 2.431583559768489877e+01
9.998867620836409120e-01 7.113797816660284365e-03 -1.326110442312436466e-02 -9.271642370112489484e-01 -6.462712441586066121e-03 9.988017987948799581e-01 4.850979356801468634e-02 4.967475525137619585e-01 1.359030381539611324e-02 -4.841859771551947772e-02 9.987346709899814767e-01 2.513942157453183057e+01
9.996371265923691407e-01 -4.967128147003056771e-03 -2.647532390978383707e-02 -7.756588698712342245e-01 6.000832246173195758e-03 9.992169423158610009e-01 3.910872282875824807e-02 5.035550965122045364e-01 2.626033416600090029e-02 -3.925340529067830597e-02 9.988841599617921396e-01 2.594963627397978456e+01
9.996742904731976687e-01 1.309175318466164820e-02 -2.190705287039970001e-02 -8.728563931073012316e-01 -1.232975460575518739e-02 9.993264253370759409e-01 3.456403874528936326e-02 5.578476558035311283e-01 2.234480069896560561e-02 -3.428267232255469837e-02 9.991623533040800975e-01 2.675646024323356187e+01
9.997998017587249597e-01 -6.512999396025426213e-03 -1.891922942636580993e-02 -1.173439883070755529e+00 7.246390922862765496e-03 9.992145715873741452e-01 3.895805110700161639e-02 5.721232032069770712e-01 1.865063596269965138e-02 -3.908734790606657739e-02 9.990617263271855952e-01 2.749438013400375524e+01
9.980394920441162387e-01 -1.984349662469129388e-02 -5.935830154269054748e-02 -4.383340151587329370e-01 2.402458430595712929e-02 9.972171255910031729e-01 7.057495148384053396e-02 7.398979510818745053e-01 5.779266103280879252e-02 -7.186264724963825623e-02 9.957388052401192624e-01 2.724893539907642293e+01
9.985075407359017552e-01 3.398787891888378591e-03 -5.450815842066787653e-02 -6.204147782717024384e-01 1.621199580558878349e-04 9.978727975489857238e-01 6.519090142714173419e-02 7.936536318099219889e-01 5.461377857890728493e-02 -6.510244352272595569e-02 9.963829620365373119e-01 2.801113856202798047e+01
9.983951921031170018e-01 -1.198637238311682507e-02 -5.534769428330450075e-02 -7.506312052996512163e-01 1.570656482057655387e-02 9.976107018666444670e-01 6.727697483300980330e-02 8.264996942338100894e-01 5.440904526751007969e-02 -6.803833036044670823e-02 9.961979930690686436e-01 2.877166496760757752e+01
9.986614975894889668e-01 -8.013909813764909240e-03 -5.109785202746720822e-02 -9.864684008134827486e-01 1.136499256499327176e-02 9.977791545565943832e-01 6.563227617818270798e-02 8.753280975581485546e-01 5.045840045346056124e-02 -6.612515392668590064e-02 9.965347027785080858e-01 2.949992197144720052e+01
9.982150822589812567e-01 -2.553996533077341601e-03 -5.966679690086717364e-02 -9.024564751708235022e-01 6.662305745272036235e-03 9.976111811497807569e-01 6.875714455313007567e-02 9.174143906686395011e-01 5.934865822288551418e-02 -6.903193714978579643e-02 9.958475427596786833e-01 3.025461798439240368e+01
9.981498024695557580e-01 -3.551060723054003110e-02 -4.935553265956260649e-02 -1.139602166705331765e+00 3.949658170002225133e-02 9.958260600186693567e-01 8.228291573413984428e-02 8.985394218388551568e-01 4.622760932607821588e-02 -8.408005091468258307e-02 9.953861327013652227e-01 3.096024205210856195e+01
9.977512523230813724e-01 -4.647805448557139341e-02 -4.829315623318925638e-02 -1.307356943395148186e+00 5.047287975394146309e-02 9.950939044243559684e-01 8.509177273297180433e-02 9.241566203090003651e-01 4.410132534370458934e-02 -8.733791747420389939e-02 9.952020705737089079e-01 3.167864089705033592e+01
9.978420395334095527e-01 -2.779039404709631594e-02 -5.948914303061097336e-02 -1.156316501092081506e+00 3.306984605954544493e-02 9.954209197234223927e-01 8.968599588887425644e-02 9.972944965182988231e-01 5.672432830283253430e-02 -9.145975385756868747e-02 9.941918647841093692e-01 3.238742429008043189e+01
9.976877633482051921e-01 -3.274791693967811501e-02 -5.955418374364466333e-02 -1.374509660447748693e+00 3.802434749863364827e-02 9.952390660285832524e-01 8.974046159822272883e-02 1.103521592760754233e+00 5.633183702457434522e-02 -9.179746939142503781e-02 9.941830559563799019e-01 3.308900426580173360e+01
9.974863886861625728e-01 -2.316102109999553654e-02 -6.696619660281789843e-02 -1.295793467232936980e+00 2.909980480103257702e-02 9.955962409707389549e-01 8.911411967517579580e-02 1.154553343698782042e+00 6.460731960377039118e-02 -9.083882466514006659e-02 9.937676801884187672e-01 3.377331933195884517e+01
9.965399977813843568e-01 3.243651097113756446e-03 -8.305125856627873504e-02 -1.097374304680039270e+00 5.019154802886303078e-03 9.950659535083308249e-01 9.908862827603663603e-02 1.208943941440392189e+00 8.296288873314150436e-02 -9.916262852567335473e-02 9.916067427145354163e-01 3.443565989986584697e+01
9.964984573441498794e-01 -1.478793693550372029e-03 -8.359807222625628698e-02 -1.248327544579800108e+00 9.819762184910950376e-03 9.949939154608878900e-01 9.945190026565189911e-02 1.330438353676323127e+00 8.303250436646084087e-02 -9.992457838303688000e-02 9.915244232259761148e-01 3.509645717373642526e+01
9.966796729985295533e-01 -1.609988023593998327e-02 -7.981493148488837119e-02 -1.526612327171709804e+00 2.446940514677914749e-02 9.941690340433406714e-01 1.050199026903933935e-01 1.391587539710840815e+00 7.765872548086219518e-02 -1.066242261670555802e-01 9.912620222478834009e-01 3.571059722008876491e+01
9.965906917210456406e-01 -8.718184650831514032e-03 -8.204258913129866548e-02 -1.555397880115794385e+00 1.722409760890910441e-02 9.944752972123889201e-01 1.035481226092282714e-01 1.458725555997100853e+00 8.068657655726856059e-02 -1.046082047008222993e-01 9.912349872117798277e-01 3.636970795607817308e+01
9.969259240746699557e-01 -1.017109483329732555e-03 -7.834326643796377110e-02 -1.680469273558005572e+00 8.709071856695562233e-03 9.951577608402800701e-01 9.790394837166496722e-02 1.546404117640187259e+00 7.786433057097495725e-02 -9.828528133786844367e-02 9.921074284053461589e-01 3.700471289723741108e+01
9.970045576700824475e-01 1.924110338801515306e-04 -7.734258182323019981e-02 -1.770720767646924987e+00 7.185236319343674127e-03 9.954418323126064116e-01 9.509958391687420298e-02 1.591217682571339109e+00 7.700833957516707573e-02 -9.537044332559269089e-02 9.924586611923714718e-01 3.763441146908328960e+01
9.973927141498937221e-01 2.889802367016834801e-03 -7.210702325705782567e-02 -1.878137567030377708e+00 3.945072398277506449e-03 9.955202962280782497e-01 9.446574088916215306e-02 1.663642555839545567e+00 7.205699247461470891e-02 -9.450390912678818811e-02 9.929132897666683721e-01 3.825862951686973190e+01
9.978470347908433569e-01 8.764234719814634417e-04 -6.557840377003129606e-02 -2.013195297353443269e+00 5.661986947023832546e-03 9.950263158898755567e-01 9.945135791149478655e-02 1.711578346856338584e+00 6.533939900962709713e-02 -9.960854666405320745e-02 9.928790965513045741e-01 3.889275719270959542e+01
9.983055163306439050e-01 3.463362213556466559e-03 -5.808701391869316999e-02 -2.170758904669620737e+00 2.371256578685689616e-03 9.949768185230217776e-01 1.000775086822750515e-01 1.772258158416334162e+00 5.814183696832101594e-02 -1.000456681920267599e-01 9.932826340322069569e-01 3.947469469797270136e+01
9.980532664906298645e-01 4.945567889230610692e-02 -3.799754035054877382e-02 -2.520437109115567065e+00 -4.671952777999609924e-02 9.964661842009127080e-01 6.980278983030267781e-02 1.836384050288635494e+00 4.131540840176618767e-02 -6.789167525830709649e-02 9.968368760530558204e-01 3.995714384532421093e+01
9.978050836967973236e-01 6.031480580130580554e-02 -2.733384623474640132e-02 -2.649808520796331557e+00 -5.839265745587009920e-02 9.960849216754228408e-01 6.637112599703764992e-02 1.892494994655138374e+00 3.122999366115082262e-02 -6.462935101038154440e-02 9.974205404361297100e-01 4.052505613143841856e+01
9.960091031447999566e-01 8.175663283115183755e-02 -3.580110949132535997e-02 -2.524803459807577699e+00 -7.895540251684959876e-02 9.941509153759976458e-01 7.368854639952335250e-02 1.910811381832864919e+00 4.161623320412437960e-02 -7.056777200099138836e-02 9.966384894678290696e-01 4.107963480641086562e+01
9.970299197886518527e-01 6.973273108300905021e-02 -3.269075193299988968e-02 -2.331341037855470866e+00 -6.694326540655920477e-02 9.945599440322392404e-01 7.980674747978594441e-02 1.753851190476979349e+00 3.807805487347436235e-02 -7.738128935536911501e-02 9.962741579478782139e-01 4.059119708556376338e+01
9.970785388202022537e-01 7.294176403052742008e-02 -2.266906447764218194e-02 -2.453228482302798330e+00 -7.097723350622478500e-02 9.944320010073449678e-01 7.789241103173710767e-02 1.780240583758560424e+00 2.822445301471278659e-02 -7.605586389390547875e-02 9.967040111383983492e-01 4.110336098168488661e+01
9.974070845377602801e-01 7.053423568071418015e-02 -1.428388290449569310e-02 -2.552897104357635616e+00 -6.923571200148914695e-02 9.946281268651070429e-01 7.695001905433117295e-02 1.863609665894912393e+00 1.963476247727355753e-02 -7.576153935706260445e-02 9.969326282436089537e-01 4.159402983084650884e+01
9.973289488526525526e-01 7.298602464551326441e-02 -2.829838672876344805e-03 -2.747771217366592911e+00 -7.254392051133794206e-02 9.943114986386736298e-01 7.798732763575298710e-02 1.809709751971615210e+00 8.505726148594940084e-03 -7.757373190304348021e-02 9.969503341397304430e-01 4.115488488565907232e+01
9.970964700078295273e-01 7.573097100245013147e-02 7.965521260950680915e-03 -2.848706467587636570e+00 -7.611562890768652778e-02 9.942792753666388483e-01 7.493419521410461803e-02 1.868326941246456263e+00 -2.245113342403775442e-03 -7.532292219121179688e-02 9.971566661556532374e-01 4.160400653921545455e+01
9.970494853930269574e-01 7.544650958308450617e-02 1.414736262476326903e-02 -2.959635008930582067e+00 -7.628911299286446346e-02 9.943538669004093888e-01 7.375878672382889245e-02 1.839123156492564304e+00 -8.502641722978952765e-03 -7.462045009203585599e-02 9.971757585861148465e-01 4.117967635741313615e+01
9.970341261919685172e-01 7.297405875467466441e-02 2.444868007672363827e-02 -3.059725193011389788e+00 -7.459292628144545412e-02 9.944943738758137419e-01 7.359915541723847932e-02 1.869060375108978711e+00 -1.894324569327868538e-02 -7.520456820053059155e-02 9.969881776452399480e-01 4.158844829949965316e+01
9.986522373368338368e-01 4.527613680575184874e-02 2.537282597760491878e-02 -2.993644684892624586e+00 -4.700913531646836591e-02 9.962617759571500420e-01 7.247492644708394827e-02 1.884773124896789609e+00 -2.199659198469465851e-02 -7.357000205694104455e-02 9.970474435744774988e-01 4.198018995901153261e+01
9.991359645395699873e-01 -8.925155121028338981e-03 4.059145192840101640e-02 -3.072674503663748169e+00 6.300811614994423354e-03 9.979089843666433257e-01 6.432696707706316019e-02 1.864730040040399661e+00 -4.108070272746512652e-02 -6.401562720466259793e-02 9.971029913389146682e-01 4.161674279087116446e+01
9.984356318016937015e-01 -7.779112125379260279e-03 5.536943708672233816e-02 -3.158577843980207245e+00 4.118415796034456504e-03 9.978161763877798629e-01 6.592356779034966308e-02 1.860257938977471603e+00 -5.576134682816202143e-02 -6.559240469305990806e-02 9.962872621119330807e-01 4.196974764259901036e+01
9.976229718414313385e-01 -3.232355088767160933e-02 6.085716155301808955e-02 -3.066165993303939352e+00 2.840230450065427473e-02 9.975307650393837600e-01 6.423147125047602712e-02 1.879115234159343784e+00 -6.278308015166100819e-02 -6.235030760116879595e-02 9.960776696566940869e-01 4.226675139499015188e+01
9.973933998063370110e-01 -1.643576778570141061e-02 7.025860488266331971e-02 -3.129687175401226096e+00 1.153153300272618392e-02 9.975050614894339640e-01 6.964679496986735108e-02 1.855666654934381432e+00 -7.122801253278523981e-02 -6.865506419967566665e-02 9.950944942016152206e-01 4.197533486360887878e+01
9.967342916219081861e-01 -2.382057051571797451e-02 7.715784033581336854e-02 -3.073294603060968466e+00 1.840435789477998935e-02 9.973657995940108378e-01 7.016225061019538967e-02 1.861191820373087058e+00 -7.862589595967579836e-02 -6.851308065261728364e-02 9.945470960512764469e-01 4.224546050245970008e+01
9.959799550408022784e-01 -1.789504305037340967e-02 8.777070462947550444e-02 -3.006855157117370503e+00 1.164299586957053510e-02 9.973917429368530652e-01 7.123308057760251166e-02 1.849065561467496677e+00 -8.881649511273494169e-02 -6.992480643962314946e-02 9.935905352006287883e-01 4.250465347169326691e+01
9.944365315634337010e-01 -2.008872691364904650e-02 1.034041959645982112e-01 -3.078305172432025394e+00 1.320427965004115911e-02 9.976765274248107218e-01 6.683706774315063825e-02 1.853339026655910660e+00 -1.045066107527157090e-01 -6.509984390585979441e-02 9.923912427225536348e-01 4.275629949566659604e+01
9.924520579713899116e-01 -2.494692068496516535e-02 1.200689959011053548e-01 -3.156670256430127885e+00 1.722985747120094752e-02 9.977439063055213442e-01 6.488628084371539373e-02 1.858403588419576646e+00 -1.214168218983004283e-01 -6.232775127136362669e-02 9.906428250290681969e-01 4.300399113594661316e+01
9.898911162592464175e-01 -2.870943028289851470e-02 1.388932920045581887e-01 -3.235222415807587293e+00 2.002880025718885293e-02 9.977809882495242144e-01 6.349761135719263205e-02 1.869212527659207534e+00 -1.404080664039267512e-01 -6.007385538353968157e-02 9.882695516852019191e-01 4.324957590616249803e+01
9.874667720453860209e-01 -4.905227488443788392e-02 1.500108277256560763e-01 -3.061488635751433485e+00 4.202530561278997739e-02 9.978815590226230992e-01 4.966153290767114092e-02 1.882835651914176456e+00 -1.521290498045203277e-01 -4.273486271476079068e-02 9.874363188147003978e-01 4.345197323670549849e+01
9.839484933889244278e-01 -4.752298118523737985e-02 1.720085132106624615e-01 -3.145484608811697669e+00 3.972141517027029389e-02 9.980321344432294683e-01 4.851873654137871250e-02 1.902600167926679742e+00 -1.739757785858300765e-01 -4.090751615495752391e-02 9.838998951049279240e-01 4.367794912435223864e+01
9.823329082824535652e-01 -3.064591196924857167e-02 1.846155068918075848e-01 -3.028712120814316844e+00 2.133075178979266379e-02 9.984070386586394452e-01 5.223393710010390545e-02 1.911194536437768488e+00 -1.859221781644888605e-01 -4.737312778852698081e-02 9.814217902767932156e-01 4.390095148254938096e+01
9.774726465579538504e-01 -3.355211070488244018e-02 2.083782164676676041e-01 -3.110462561343956711e+00 2.285618861487185779e-02 9.983047719960397304e-01 5.352734676729282992e-02 1.925253957256679138e+00 -2.098209233441696853e-01 -4.755878548903048897e-02 9.765824809250935878e-01 4.414300923888553996e+01
9.735827302225310564e-01 -7.091144020419427874e-02 2.170443158910624060e-01 -2.929472007610462114e+00 6.881407425306251824e-02 9.974809449402939343e-01 1.721591315387227539e-02 1.942988022765394840e+00 -2.177183745051062824e-01 -1.825412061683590308e-03 9.760099268315159948e-01 4.429893714405348959e+01
9.686431758113880353e-01 -6.845077109919775471e-02 2.388407207533153886e-01 -2.810845083904193409e+00 6.482565570863624282e-02 9.976312839720961056e-01 2.300990226276030878e-02 1.920579948106093005e+00 -2.398500204627522225e-01 -6.805378470148644790e-03 9.707861013157829122e-01 4.451697463225059437e+01
9.625075695854129476e-01 -8.131644373940055681e-02 2.587794707243371573e-01 -2.738050266499628904e+00 7.833050391057234940e-02 9.966880468786952774e-01 2.184649551431425141e-02 1.936026254217945164e+00 -2.596988845719329086e-01 -7.570909578884481165e-04 9.656893476503598528e-01 4.475554733035870214e+01
9.582654360810750616e-01 -8.739991678678302178e-02 2.721922272182298874e-01 -2.532398330507632966e+00 8.760000269798899619e-02 9.960900284443459096e-01 1.144092483430374403e-02 1.970617514825653949e+00 -2.721278992306162547e-01 1.288059701317775113e-02 9.621748784295495183e-01 4.490285777975699233e+01
9.533135918491802974e-01 -4.079791266885434559e-02 2.992135122575327877e-01 -2.600532364772083049e+00 4.579127094409430471e-02 9.989040031210943971e-01 -9.692886772630616987e-03 1.956818137851939143e+00 -2.984901256339109188e-01 2.294172771452545126e-02 9.541369514008600783e-01 4.515109304322842121e+01
9.473028399086059759e-01 -6.958433572693017988e-02 3.126905014907606639e-01 -2.394480232257729213e+00 8.270266550583249554e-02 9.961559854869608266e-01 -2.887077582508614307e-02 1.964970391319114995e+00 -3.094795609072282794e-01 5.320970588111297722e-02 9.494162040858137308e-01 4.531607938343667996e+01
9.371512925706372288e-01 -7.554765353401736439e-02 3.406464543756461127e-01 -2.404219169519802968e+00 8.901747045385970114e-02 9.957393480154881349e-01 -2.406326593995262997e-02 1.935612370825966266e+00 -3.373771551056621854e-01 5.287440646669622213e-02 9.398834780724711901e-01 4.557073524085255656e+01
9.371512925706421138e-01 -7.575598978396298755e-02 3.406001832721732292e-01 -2.159288341678499368e+00 8.901747045385963175e-02 9.957538796365202893e-01 -2.345423507225940368e-02 1.958877688713725140e+00 -3.373771551056485851e-01 5.229953346523597002e-02 9.399156419658833972e-01 4.548255943983760829e+01
9.321587739871303180e-01 -7.505134267579764706e-02 3.541854260714031866e-01 -1.922914627064407744e+00 9.023214701753955180e-02 9.955676768121273223e-01 -2.651717427478341577e-02 1.999957724704212403e+00 -3.506254122613265412e-01 5.667712809833255760e-02 9.347991888245844594e-01 4.536435930803228445e+01
9.221886335497680998e-01 -5.763186610488604117e-02 3.824221386908600584e-01 -1.908964007506302130e+00 7.645857678282819148e-02 9.964859550207190164e-01 -3.420274086678461861e-02 2.041009288440441161e+00 -3.791071223123695932e-01 6.078083131814840390e-02 9.233544716718006251e-01 4.510048822384237610e+01
9.146451520230191035e-01 -6.240210278913908143e-02 3.994123476412488882e-01 -1.854221334671061650e+00 8.237870540775561745e-02 9.960536925236832539e-01 -3.302711772602203583e-02 2.068066957847205511e+00 -3.957751821124472769e-01 6.311116523596095595e-02 9.161762854638947351e-01 4.483459593846856706e+01
8.957011003072039568e-01 -9.276483353349605776e-02 4.348726532767719921e-01 -1.861315901120058625e+00 1.117538901089372427e-01 9.935685968655925127e-01 -1.823489424338513298e-02 2.083304891946766713e+00 -4.303842550024271074e-01 6.493172554346329783e-02 9.003073164558620389e-01 4.454709587926202374e+01
8.760800143041030941e-01 -1.152938578169325073e-01 4.681785288611854945e-01 -1.617873891229511418e+00 1.501496887939467451e-01 9.879451317084789741e-01 -3.767608908323347855e-02 2.120054360770429636e+00 -4.581908767009809091e-01 1.033041290714805382e-01 8.828303219898891996e-01 4.472003482754227832e+01
8.535897454811003371e-01 -6.729871590347963339e-02 5.165805157448976059e-01 -1.889515098010387639e+00 4.598017293631644076e-02 9.974832299778820799e-01 5.397248937791126328e-02 2.090442323081455278e+00 -5.189126806181031393e-01 -2.231790202158588643e-02 8.545358629941121054e-01 4.458692925897572223e+01
8.308382751735686744e-01 -8.075286212987153878e-02 5.506239513174608913e-01 -1.607847444908570012e+00 6.894807624513790700e-02 9.967297840674232967e-01 4.214143252207861595e-02 2.125734411374830213e+00 -5.522263333894095183e-01 2.951747067853037650e-03 8.336890091038384742e-01 4.474867171267916177e+01
8.056435291623911255e-01 -9.890094300042379105e-02 5.840865581336422974e-01 -1.301957624964285909e+00 1.065391167392197580e-01 9.940788084307955463e-01 2.137145837904454865e-02 2.167596083023222597e+00 -5.827417271169117452e-01 4.501028885097334981e-02 8.114099786016654159e-01 4.489760490524061254e+01
7.766330856183841780e-01 -1.116918988470413376e-01 6.199725558884200405e-01 -9.609538106750488140e-01 1.483083104263429597e-01 9.889117727038823080e-01 -7.625671521857072845e-03 2.223406000503754587e+00 -6.122464335391082368e-01 9.786943107844943424e-02 7.845864382456707586e-01 4.499788862990841665e+01
7.495459401579361858e-01 -8.051684867026678849e-02 6.570372292899203659e-01 -6.373670599471419340e-01 8.777383927010856679e-02 9.958994294044798412e-01 2.191072001618022541e-02 2.244933321066791443e+00 -6.561071838751253438e-01 4.124758892410964467e-02 7.535396470494467591e-01 4.521314805180760743e+01
7.154186525389203410e-01 -8.106462770470616863e-02 6.939774331593954182e-01 -2.999016313268390022e-01 8.579977765808044499e-02 9.959221085971571297e-01 2.788461513500654215e-02 2.272931613891163494e+00 -6.934079244955495547e-01 3.959393567835244043e-02 7.194565799992916899e-01 4.542498987333772220e+01
6.762472576224239917e-01 -8.168859311837403658e-02 7.321315594293843487e-01 -5.084635331152812521e-01 8.343290426210930866e-02 9.959312235720531037e-01 3.405801521924299580e-02 2.260322880558635728e+00 -7.319348311458793166e-01 3.805222291306815940e-02 6.803112752900922766e-01 4.507234937798894947e+01
6.327237023338102562e-01 -8.486504033272908309e-02 7.697133501728616878e-01 -2.170084190751415121e-01 8.531102856835813542e-02 9.955655706083358369e-01 3.963865567749574187e-02 2.265157426594541334e+00 -7.696640467824972243e-01 4.058472063024698429e-02 6.371578576316538900e-01 4.538569673107181757e+01
5.854853286968034753e-01 -8.330873486712341014e-02 8.063910866171856151e-01 7.546755649006292588e-02 7.588667756794015284e-02 9.959702449903122812e-01 4.779626828162425456e-02 2.293180880553757905e+00 -8.071233747380262002e-01 3.321032653843562082e-02 5.894479893618386201e-01 4.571243282950263165e+01
5.317586602196709977e-01 -1.173730793662462607e-01 8.387230100107397890e-01 3.191912644765843021e-01 1.087241168577427197e-01 9.916157733593610191e-01 6.983712793659646589e-02 2.299201721087758887e+00 -8.398879649660949687e-01 5.405292096653433603e-02 5.400615594912313577e-01 4.609983017533352267e+01
4.802410517802136458e-01 -1.284037360304676745e-01 8.676871629559023136e-01 6.635536431505411059e-01 1.184724021083841949e-01 9.896576993264171174e-01 8.088218655936763035e-02 2.317917558605363304e+00 -8.690988563585313464e-01 6.395403613044405022e-02 4.904865534741216226e-01 4.640963410576152626e+01
4.360439118511637568e-01 -1.257942776901486703e-01 8.910900665128967946e-01 1.960589756555287666e-01 7.693706301350741739e-02 9.917678129277447407e-01 1.023586516880020947e-01 2.252248410190192285e+00 -8.966305790415550758e-01 2.392498570416970449e-02 4.421325590664693661e-01 4.636392875969298899e+01
3.896926043246624061e-01 -1.302858518573686841e-01 9.116826591201965257e-01 5.562685682566860246e-01 7.363935353027761810e-02 9.911810123202714484e-01 1.101700795471121791e-01 2.290188693501174821e+00 -9.179961436445738254e-01 2.420325642500962757e-02 3.958500759531572433e-01 4.669326836008535508e+01
3.534605095463534408e-01 -1.065862443981085983e-01 9.293573267028938378e-01 1.947984722087094944e-01 2.991161084006421084e-02 9.942672504106094822e-01 1.026544217162193989e-01 2.268061517932137949e+00 -9.349711031514230664e-01 -8.485709519298162765e-03 3.546223752187234735e-01 4.633872350668791285e+01
3.261050629457331040e-01 -1.198805854259866327e-01 9.377015160268714622e-01 7.052828607257559668e-01 -5.954430188867254441e-03 9.916464829039063344e-01 1.288479635285383895e-01 2.256756683447326051e+00 -9.453147796804451941e-01 -4.760145147207702626e-02 3.226671181503722452e-01 4.620996116154815070e+01
2.837392273984398749e-01 -1.696530811265276051e-01 9.437742753962016229e-01 3.454753935061411485e-01 5.651950919171944143e-02 9.854721905032038931e-01 1.601565072844604309e-01 2.177688268381689607e+00 -9.572343474385284212e-01 7.898975193441832784e-03 2.892058268341596849e-01 4.584863786378385697e+01
2.474247782198347734e-01 -1.621420199855082567e-01 9.552439188384805879e-01 -1.667520077075312357e-01 6.839813767078954665e-02 9.863616619119577322e-01 1.497076039266597991e-01 2.163906195852279613e+00 -9.664898726246617944e-01 2.829553437052540962e-02 2.551405276483009743e-01 4.599952915821231159e+01
2.202384377297400275e-01 -8.251808643365750318e-02 9.719494822045565696e-01 2.856917935412689458e-01 1.650808115568418999e-01 9.851956824079011188e-01 4.623627386130529232e-02 2.200571802783780395e+00 -9.613757622293676031e-01 1.502672045929233646e-01 2.306001106281858060e-01 4.568291986776851132e+01
1.946235123758189023e-01 -7.864461453624738141e-02 9.777201609023714601e-01 -1.149422492001405671e-01 1.566047193111421709e-01 9.864856903110861275e-01 4.817618396004160614e-02 2.226311501072962606e+00 -9.682957452761926653e-01 1.437393732277944536e-01 2.043094277416089011e-01 4.528279303911537568e+01
1.678393114849776324e-01 -8.744015653119270592e-02 9.819288082880874846e-01 3.082024000681718445e-01 1.654070467308180470e-01 9.844355030417785146e-01 5.939064945496610320e-02 2.222045783415127040e+00 -9.718387080231148945e-01 1.524498585656776650e-01 1.796901950894041200e-01 4.567708867156989072e+01
1.482102682308522046e-01 -9.062831883251799836e-02 9.847945086242838597e-01 -1.561353483334808612e-01 1.736423873245095950e-01 9.827071841318936185e-01 6.430327814211815596e-02 2.238967572098971903e+00 -9.735923365121477158e-01 1.614716634000222528e-01 1.613842129938583281e-01 4.532446458908999887e+01
1.333418312383961302e-01 -8.968201644343008760e-02 9.870040992663841051e-01 4.314016496517227850e-01 1.810371241303701806e-01 9.813450749607895984e-01 6.471015018388114048e-02 2.322471195900344121e+00 -9.743949485340096528e-01 1.700558137108426904e-01 1.470901237151839014e-01 4.544780528221411942e+01
1.238283613348189344e-01 -8.709920387084651994e-02 9.884737050696963401e-01 1.027775023877349536e+00 1.885434973712569184e-01 9.800587923566066451e-01 6.273845012062348458e-02 2.367321979629279483e+00 -9.742268147244499410e-01 1.786014899422421753e-01 1.377810627853616465e-01 4.538006241587576994e+01
1.153023494424796624e-01 -8.217553798700996670e-02 9.899255270825197961e-01 1.639010422522315213e+00 2.031273657232414986e-01 9.774636234013848179e-01 5.748163377450079409e-02 2.361152424628746971e+00 -9.723397767793831026e-01 1.944531971544719851e-01 1.293959528309298335e-01 4.527364515699112246e+01
9.997009993938439643e-02 -8.799376338995276714e-02 9.910918608900987081e-01 2.041078743794685124e+00 2.092741145020885485e-01 9.756598807203263890e-01 6.551444231754452452e-02 2.344325670223477154e+00 -9.727334291148195256e-01 2.008603862320444688e-01 1.159516326975970901e-01 4.576056075693161063e+01
9.854319924878025827e-02 -8.709236547238516368e-02 9.913143586967037013e-01 2.674076005425945368e+00 2.305733294128664845e-01 9.710526295625208082e-01 6.239174931986864181e-02 2.398232519816106745e+00 -9.680522597697295284e-01 2.224223695947710466e-01 1.157718094294427486e-01 4.568240270217503962e+01
8.959180605918744267e-02 -8.219175145694615492e-02 9.925813942843726423e-01 3.217604577197422877e+00 2.188039336499799370e-01 9.738670022545165006e-01 6.089253270402507356e-02 2.378668782335197740e+00 -9.716471308589075262e-01 2.117252415567311696e-01 1.052343821257918088e-01 4.604736766042834972e+01
9.369339502624905724e-02 -6.485824033428319590e-02 9.934862638150625536e-01 3.830285511189408965e+00 2.775798114728812438e-01 9.600091540456443528e-01 3.649482718496121353e-02 2.388428173176119440e+00 -9.561228979535705275e-01 2.723524055508264041e-01 1.079498550232683984e-01 4.579420097204078388e+01
8.783737011074069234e-02 -7.022068687271867948e-02 9.936567070911204169e-01 4.434568545894203240e+00 2.772302968147408730e-01 9.598262628897936688e-01 4.332329159976269078e-02 2.338476956366798643e+00 -9.567799950563549150e-01 2.716663398401648055e-01 1.037759165597199190e-01 4.610712618401361595e+01
7.860432309988509003e-02 -6.539639878012758201e-02 9.947585995690690908e-01 5.085591365793182383e+00 2.574721136403000377e-01 9.653233141462499445e-01 4.311623665525438770e-02 2.343376819754446672e+00 -9.630833147176857123e-01 2.527334765960124741e-01 9.271633469938839189e-02 4.632900521401322891e+01
8.204867153899700338e-02 -7.351721044374485980e-02 9.939130924116414967e-01 5.737659438667850331e+00 2.375713713759768086e-01 9.699700235363356571e-01 5.213441227705246234e-02 2.331941996855627419e+00 -9.678986821983088795e-01 2.318477371239738849e-01 9.705033636866387814e-02 4.609720142371031670e+01
8.318953276331100821e-02 -6.682606290179975150e-02 9.942905908011414606e-01 6.434054071519711648e+00 2.433721986651270763e-01 9.688997673960290102e-01 4.475727490406798681e-02 2.373763006581181223e+00 -9.663588746193226831e-01 2.382593504082938796e-01 9.686592480070255196e-02 4.608153478623889043e+01
8.670455665923344768e-02 -5.970606250158372319e-02 9.944433146012389146e-01 7.130518319700160035e+00 2.469792546059746963e-01 9.683291658800541324e-01 3.660429346855036820e-02 2.391917524495119629e+00 -9.651339635764571989e-01 2.424331095510944556e-01 9.870470983993535896e-02 4.598021638823158952e+01
7.871967385403109974e-02 -7.465852916837470432e-02 9.940972371809244645e-01 7.726887251560142111e+00 2.687867354413553400e-01 9.618511056619328814e-01 5.095234428082732331e-02 2.356785733046856457e+00 -9.599775537996143582e-01 2.631891991692473787e-01 9.578382766186743780e-02 4.638540120460903893e+01
7.837449334230189857e-02 -7.807477551092278922e-02 9.938620468768661897e-01 8.448794486073239796e+00 2.622600980715453223e-01 9.634284401820186750e-01 5.500256001280061369e-02 2.437950329824643880e+00 -9.618092741041950333e-01 2.563395601099817678e-01 9.598411415323832019e-02 4.652083217976450413e+01
9.178311266768703069e-02 -1.025447716410016891e-01 9.904849469013365937e-01 9.073329008094747294e+00 2.430799899153130994e-01 9.668990527327774309e-01 7.757796289697671543e-02 2.447668783825857730e+00 -9.656541713946042993e-01 2.336467239949449604e-01 1.136715867516149558e-01 4.612575806265329703e+01
9.114274632689159383e-02 -1.034158116692219798e-01 9.904535171772603785e-01 9.805433663430074276e+00 2.277701372495448684e-01 9.703931076605427641e-01 8.036156532978644407e-02 2.518244308978622392e+00 -9.694399230325276839e-01 2.182713597834758379e-01 1.119993264665405663e-01 4.608719947493584357e+01
1.001179267799944539e-01 -1.049583649878027686e-01 9.894241468431931308e-01 1.053038245593166167e+01 2.171296563923716672e-01 9.727579904476008066e-01 8.121948248598767628e-02 2.494891950536312741e+00 -9.709949088703833109e-01 2.067017988297386866e-01 1.201800869875940259e-01 4.602731918747258533e+01
1.125025793326588780e-01 -8.726047799133880567e-02 9.898124967003799624e-01 1.123726024548561142e+01 2.499298521424163089e-01 9.665961300669230205e-01 5.680660478970069732e-02 2.631957521112921139e+00 -9.617059002894634556e-01 2.409928013870710484e-01 1.305535561677452494e-01 4.590359208852560613e+01
1.046210044976327164e-01 -1.079446090177544615e-01 9.886366404306132782e-01 1.052916903073628774e+01 2.060418795123736824e-01 9.748759619406537347e-01 8.463806896017649073e-02 2.473075466395997069e+00 -9.729343191114766531e-01 1.948456317557714923e-01 1.242336125240727229e-01 4.603761631402147003e+01
1.127242164875476849e-01 -1.092006073851102405e-01 9.876074515535057108e-01 1.124225192156077568e+01 2.195368937856211622e-01 9.721156542019701030e-01 8.243001348083986435e-02 2.615155346943724979e+00 -9.690700714005296978e-01 2.075244135089065745e-01 1.335545376000255857e-01 4.596170496139261985e+01
1.152413113300114200e-01 -1.123042205311921005e-01 9.869686936341192096e-01 1.191568686385987341e+01 2.183176388403350876e-01 9.721577608332847564e-01 8.512753152071328433e-02 2.610847166546781839e+00 -9.690494562890580310e-01 2.056624664407984693e-01 1.365507274362472989e-01 4.627740366466567679e+01
1.194095137973520543e-01 -1.102994180144883235e-01 9.866992482009723231e-01 1.264888060139880110e+01 1.977712385606137380e-01 9.765359806337887694e-01 8.522919526676225876e-02 2.708716552791370358e+00 -9.729480485683085211e-01 1.849635556353912413e-01 1.384217391663392360e-01 4.624288568862685622e+01
